0,2,0.211410296528732
1,2,0.228807588640857
2,2,0.223409573226734
3,2,0.225582131353628
4,2,0.233294074363042
5,2,0.226136089004498
6,2,0.232810440334316
7,2,0.228940733517142
0,9,0.738848135452291
1,9,0.720690220774653
2,9,0.718529734970345
3,9,0.744215417419477
4,9,0.628273012364945
5,9,0.624085555145734
6,9,0.612575137654048
7,9,0.595575551475363
0,11,0.873457635980862
1,11,0.938548856660092
2,11,0.905378712614186
3,11,0.925457798347835
4,11,0.895607088274767
5,11,0.950110655115163
6,11,0.953589317316901
7,11,0.962803399164906
0,12,0.582095790102912
1,12,0.64329723002195
2,12,0.623449111992552
3,12,0.671063783497541
4,12,0.641957678593903
5,12,0.756700534264652
6,12,0.77727906596062
7,12,0.782112134917335
0,22,0.992755332469106
1,22,0.999660090469531
2,22,0.999390462054964
3,22,0.995139722309362
4,22,0.998700757899264
5,22,0.991167540962201
6,22,0.982498888415819
7,22,0.979962187980988
0,23,0.981467974437952
1,23,0.98968277662441
2,23,0.967268856679722
3,23,0.992470214382862
4,23,0.997180848764578
5,23,0.989553250222626
6,23,0.989715369220995
7,23,0.989544900872158
0,24,0.624675269048131
1,24,0.636435134970059
2,24,0.621154958747795
3,24,0.734704398582276
4,24,0.70564443145217
5,24,0.697451805707748
6,24,0.711924669910217
7,24,0.715026641105489
0,27,0.519375137845969
1,27,0.519523517258393
2,27,0.598548116038009
3,27,0.610331730921621
4,27,0.566858227501119
5,27,0.555461515508969
6,27,0.561729968194729
7,27,0.555393079344649
0,28,0.924781139354785
1,28,0.96276759630553
2,28,0.927585256728202
3,28,0.971639216303607
4,28,0.983528706479806
5,28,0.990349516141586
6,28,0.993010826696151
7,28,0.993605146445357
0,31,0.773233669403784
1,31,0.86628516752226
2,31,0.859183723216228
3,31,0.874443132767576
4,31,0.843910682111492
5,31,0.855631347199932
6,31,0.861792288239937
7,31,0.861378862182569
0,38,0.983331044439626
1,38,0.983026097237152
2,38,0.961582519070064
3,38,0.991380396948466
4,38,0.998735128267985
5,38,0.999963015739019
6,38,0.998152881517757
7,38,0.995761700933929
0,41,0.474149505512865
1,41,0.497968763325366
2,41,0.547899407337417
3,41,0.655958336906395
4,41,0.516672852229833
5,41,0.487908676215908
6,41,0.499068890356199
7,41,0.489472343187998
0,42,0.334521599343817
1,42,0.360146813816099
2,42,0.375076291260817
3,42,0.395660528396264
4,42,0.39725004786448
5,42,0.416318166696826
6,42,0.411186942172749
7,42,0.405516411161586
0,50,0.99247675871534
1,50,0.970414612483907
2,50,0.968690436679851
3,50,0.914503108605649
4,50,0.933266588967139
5,50,0.883865975390621
6,50,0.863150463841514
7,50,0.843579508836125
0,51,0.15749903282884
1,51,0.15001855899504
2,51,0.158389781494012
3,51,0.161653243728261
4,51,0.135692271816915
5,51,0.146398935985432
6,51,0.145182367825254
7,51,0.146856209097632
0,53,0.986147534309227
1,53,0.99635554367413
2,53,0.995631953308345
3,53,0.966658863687462
4,53,0.999942289383536
5,53,0.998328681704671
6,53,0.996504818201031
7,53,0.995237999653469
0,54,0.600124174747872
1,54,0.645065486102853
2,54,0.57511687212047
3,54,0.674299467369831
4,54,0.672031548563441
5,54,0.664070395744435
6,54,0.667336058910084
7,54,0.662661860155969
0,55,0.304838442665984
1,55,0.34020363924286
2,55,0.333468807213205
3,55,0.374696482832443
4,55,0.350747805319483
5,55,0.351397977096319
6,55,0.359164300994576
7,55,0.35734148337207
0,56,0.405965483998779
1,56,0.437959629439368
2,56,0.444895985351216
3,56,0.43094618654554
4,56,0.53222022687489
5,56,0.498790538378985
6,56,0.508443846812617
7,56,0.526612871243536
0,58,0.782795138910181
1,58,0.836546142851235
2,58,0.832113048441332
3,58,0.826514418775312
4,58,0.897621309852625
5,58,0.887767599102112
6,58,0.891018555302654
7,58,0.889555404923496
0,62,0.986261296621956
1,62,0.961278301795058
2,62,0.987512033362158
3,62,0.927294206225526
4,62,0.941085311571588
5,62,0.942368033763669
6,62,0.954113209275716
7,62,0.957869788076234
0,64,0.596631355510178
1,64,0.696226964909445
2,64,0.674121072020295
3,64,0.700288580247069
4,64,0.763523946408004
5,64,0.767667624613529
6,64,0.79859466572586
7,64,0.810958792042021
0,67,0.438736230315527
1,67,0.461341911759951
2,67,0.49194504593592
3,67,0.514604701560925
4,67,0.507852340515803
5,67,0.48370202556424
6,67,0.481872132412155
7,67,0.474488204043339
0,68,0.651052870896941
1,68,0.630441047981305
2,68,0.656084942382972
3,68,0.703122738101853
4,68,0.739174213882648
5,68,0.731313158504587
6,68,0.741327202840136
7,68,0.730352080264282
0,69,0.355685400517336
1,69,0.420830889817951
2,69,0.421220531718642
3,69,0.432619613217529
4,69,0.432780822021409
5,69,0.426612422883317
6,69,0.432428335244365
7,69,0.429883544293908
0,72,0.495293802569031
1,72,0.519052284090116
2,72,0.563549530086314
3,72,0.58181821222448
4,72,0.431431587413355
5,72,0.453950984172457
6,72,0.451323748130248
7,72,0.454366321465727
0,73,0.933344644887492
1,73,0.931861962889883
2,73,0.969158308891097
3,73,0.947535751242179
4,73,0.833197935364002
5,73,0.842155177476876
6,73,0.847926679161909
7,73,0.852252539613592
0,76,0.698024928291135
1,76,0.757105227350789
2,76,0.79758732772257
3,76,0.735402304053221
4,76,0.815479596658347
5,76,0.784823524011282
6,76,0.78501236963489
7,76,0.775122480849775
0,79,0.426297843306836
1,79,0.500119938927184
2,79,0.511477240145706
3,79,0.538043508399437
4,79,0.496978408463817
5,79,0.513105357533362
6,79,0.522413157413494
7,79,0.526203291877497
0,80,0.758699253577676
1,80,0.856916185994541
2,80,0.906150697292025
3,80,0.813463707029705
4,80,0.644718931413479
5,80,0.737162233644451
6,80,0.740866384237757
7,80,0.739803654549068
0,92,0.294966176297744
1,92,0.322087564579041
2,92,0.322942145027972
3,92,0.372075333010582
4,92,0.379198180712966
5,92,0.333272768748108
6,92,0.339516478837239
7,92,0.338885955050946
0,94,0.451712784649186
1,94,0.493320620133023
2,94,0.501554274809467
3,94,0.50637273489932
4,94,0.467311087612345
5,94,0.503537564187504
6,94,0.506389032204494
7,94,0.496409644523354
0,96,0.956332614848291
1,96,0.984260098374594
2,96,0.986841220968721
3,96,0.985242994960075
4,96,0.999929605696577
5,96,0.998520542364698
6,96,0.999964377432701
7,96,0.999916954445764
0,97,0.295451016028135
1,97,0.267427225694801
2,97,0.260906201265962
3,97,0.260698272640419
4,97,0.241288671188459
5,97,0.254621633709631
6,97,0.251099064615408
7,97,0.25102509054122
0,98,0.510270713709474
1,98,0.583421359902978
2,98,0.588137632957748
3,98,0.634895634309113
4,98,0.647822685815813
5,98,0.63495947829481
6,98,0.673220692816511
7,98,0.675924109765084
0,100,0.435731894216159
1,100,0.482703421397948
2,100,0.469108812159103
3,100,0.501126841025802
4,100,0.485463186165891
5,100,0.540923603602599
6,100,0.561986386910999
7,100,0.588943040112209
0,111,0.643697275783784
1,111,0.694844057181337
2,111,0.718899246103829
3,111,0.731278223937392
4,111,0.749708952272912
5,111,0.733059401095083
6,111,0.741159405009641
7,111,0.729658047968825
0,117,0.776870688425367
1,117,0.841134561177661
2,117,0.819652890614069
3,117,0.836422525195094
4,117,0.824640085249816
5,117,0.870487770076641
6,117,0.886717953720926
7,117,0.879433633399482
0,121,0.962469636030696
1,121,0.911026957679632
2,121,0.906129401688918
3,121,0.926574368286538
4,121,0.782701249905961
5,121,0.912280265951686
6,121,0.903919090206617
7,121,0.922297273058284
0,122,0.374658518736679
1,122,0.377831148766291
2,122,0.401795501592068
3,122,0.371636910830189
4,122,0.321846186752453
5,122,0.357218780924149
6,122,0.366867799423434
7,122,0.37153082672113
0,124,0.584020946322265
1,124,0.505315845820367
2,124,0.486979012132816
3,124,0.513171888480792
4,124,0.51523372132663
5,124,0.485289791939465
6,124,0.458938039766333
7,124,0.462764614312567
0,127,0.506364526082413
1,127,0.556351593394288
2,127,0.541198729074588
3,127,0.589407176596004
4,127,0.643595854094776
5,127,0.646316645304122
6,127,0.676504989465463
7,127,0.698142445360465
0,132,0.59523721525153
1,132,0.563083779212131
2,132,0.585107763633549
3,132,0.525894551837593
4,132,0.482003380720914
5,132,0.493067832228874
6,132,0.486652284238174
7,132,0.490564480584693
0,139,0.268835127033166
1,139,0.246981067662865
2,139,0.265642903078244
3,139,0.29041921651804
4,139,0.24896961323429
5,139,0.255460397151032
6,139,0.254349109398756
7,139,0.256139789043578
0,151,0.74369519690243
1,151,0.787938605953089
2,151,0.801218251085685
3,151,0.91024868520025
4,151,0.792918718610551
5,151,0.843838821856787
6,151,0.854509783155256
7,151,0.869075369394167
0,161,0.668449152185252
1,161,0.724896167187923
2,161,0.721110703069247
3,161,0.766376781782893
4,161,0.764716284452315
5,161,0.733131148604892
6,161,0.759129726525215
7,161,0.749099279904759
0,168,0.228476190347522
1,168,0.213831327507898
2,168,0.210976780711376
3,168,0.219270814377161
4,168,0.200277019777489
5,168,0.195402073809442
6,168,0.189105272260498
7,168,0.187744148393661
0,172,0.999133228295222
1,172,0.998984734071027
2,172,0.999936758719496
3,172,0.995291658062225
4,172,0.988103549523778
5,172,0.972559749790179
6,172,0.955379895797556
7,172,0.943238384863224
0,173,0.461158484265598
1,173,0.525229433479312
2,173,0.487471036135565
3,173,0.565361162521962
4,173,0.543434259322827
5,173,0.567976987388935
6,173,0.585249640985867
7,173,0.593903421811243
0,174,0.998706994522456
1,174,0.969682478977039
2,174,0.993190389588663
3,174,0.920614279104849
4,174,0.947187016930015
5,174,0.951632919052827
6,174,0.920213972640468
7,174,0.906716875014113
0,181,0.950609682398576
1,181,0.986207762548637
2,181,0.992295569963292
3,181,0.999440396248108
4,181,0.984188226504083
5,181,0.999663430002192
6,181,0.999897573683266
7,181,0.999899776450036
0,182,0.402426156827446
1,182,0.446099725312041
2,182,0.408406495783585
3,182,0.488769900929685
4,182,0.485550196457669
5,182,0.477015912447162
6,182,0.505144566381421
7,182,0.507191378035701
0,184,0.246175892360655
1,184,0.244675270898151
2,184,0.215088885963734
3,184,0.264579552064065
4,184,0.290608897604158
5,184,0.2749413545076
6,184,0.278015276521857
7,184,0.274513022295258
0,185,0.217994942147318
1,185,0.200708699285243
2,185,0.206416630845242
3,185,0.222839702367699
4,185,0.19341700908729
5,185,0.176722921227459
6,185,0.178046799761511
7,185,0.176440444529786
0,186,0.34768332412834
1,186,0.387354531916301
2,186,0.36712986537203
3,186,0.400959883954377
4,186,0.384601870590414
5,186,0.411495121789502
6,186,0.42634539560472
7,186,0.421608498734395
0,187,0.478183941426062
1,187,0.524304725140526
2,187,0.507410032161458
3,187,0.540710019282466
4,187,0.631027152975897
5,187,0.594799324508495
6,187,0.602456689159225
7,187,0.613615116684103
0,188,0.816752263570411
1,188,0.888343851175371
2,188,0.890200304170719
3,188,0.822350637439206
4,188,0.96298582616546
5,188,0.913967585205509
6,188,0.919217121643527
7,188,0.925833669033552
0,193,0.928512307617748
1,193,0.957986062839412
2,193,0.941430841365677
3,193,0.979220723930203
4,193,0.991869427794279
5,193,0.996996017203527
6,193,0.996580100684598
7,193,0.997525394473863
0,194,0.428938923616158
1,194,0.481711079411222
2,194,0.472034311030258
3,194,0.533424960699342
4,194,0.520178530275332
5,194,0.523440897130208
6,194,0.528976180878481
7,194,0.529324291902067
0,195,0.919366611993111
1,195,0.968988956947584
2,195,0.983182937833429
3,195,0.959956278973893
4,195,0.988548638028702
5,195,0.982036331378203
6,195,0.992685676704954
7,195,0.993590068927224
0,196,0.361510264868648
1,196,0.387816175867422
2,196,0.381964162089976
3,196,0.386338100109129
4,196,0.422956627921104
5,196,0.422296026287718
6,196,0.436513602145672
7,196,0.442484851623269
0,200,0.84976334598264
1,200,0.886003269851127
2,200,0.878988926364457
3,200,0.928218005620349
4,200,0.963388753099664
5,200,0.940207146820618
6,200,0.953815121920946
7,200,0.954788000668535
0,201,0.280205202136079
1,201,0.313832498608795
2,201,0.299424893575654
3,201,0.314465592751181
4,201,0.324293222322576
5,201,0.326104006719767
6,201,0.327778920157967
7,201,0.32361073033705
0,202,0.283964191040481
1,202,0.25845498467034
2,202,0.277152858206546
3,202,0.256157276427923
4,202,0.252775611358795
5,202,0.245728558161803
6,202,0.244281119762723
7,202,0.241756700469898
0,204,0.719174172420408
1,204,0.662261689262283
2,204,0.67444247070222
3,204,0.641788775464162
4,204,0.599810927793606
5,204,0.606076279190243
6,204,0.598770317410859
7,204,0.598687194502584
0,205,0.411765202283798
1,205,0.46511948096271
2,205,0.460749590003237
3,205,0.595710481003263
4,205,0.488160632273079
5,205,0.525046368630598
6,205,0.522688211827464
7,205,0.525138393677523
0,210,0.920948205878619
1,210,0.953570471064353
2,210,0.9557920854702
3,210,0.989036857450821
4,210,0.97428600017487
5,210,0.989931894408901
6,210,0.989881031470679
7,210,0.986094999922145
0,215,0.300396427696973
1,215,0.339156394853409
2,215,0.35595793045786
3,215,0.347997974111456
4,215,0.372065042327625
5,215,0.350953875004291
6,215,0.35258779868548
7,215,0.35279093710233
0,216,0.921749689849705
1,216,0.964414133303269
2,216,0.974689333213936
3,216,0.965565609615074
4,216,0.999858672110376
5,216,0.988959823238763
6,216,0.991686953395971
7,216,0.989696219974815
0,217,0.997414027175437
1,217,0.999970149964357
2,217,0.999139078903571
3,217,0.999906559395317
4,217,0.960665103789643
5,217,0.969413022625018
6,217,0.977719126280205
7,217,0.979819728429999
0,218,0.638075947376493
1,218,0.681970543244227
2,218,0.68431038676977
3,218,0.713295105521255
4,218,0.703091336191399
5,218,0.716024891037802
6,218,0.725193165075919
7,218,0.714438933678462
0,219,0.539941264651867
1,219,0.587751118753246
2,219,0.544483133526708
3,219,0.515922126380473
4,219,0.604260895084008
5,219,0.595967022932493
6,219,0.591673481005659
7,219,0.580009456508162
0,226,0.603250279025985
1,226,0.633735925669972
2,226,0.654962306213841
3,226,0.732784944201901
4,226,0.634619023830245
5,226,0.690266519733717
6,226,0.68361591689309
7,226,0.671886078130711
0,227,0.182007897301944
1,227,0.171849249763723
2,227,0.177458381018351
3,227,0.172135159030953
4,227,0.167735035514838
5,227,0.164977005877187
6,227,0.164083620484106
7,227,0.165494537770508
0,228,0.720265473375966
1,228,0.637524870024827
2,228,0.67059435376885
3,228,0.624496152732296
4,228,0.595335997584818
5,228,0.594996372674433
6,228,0.600744442658629
7,228,0.596114014789804
0,229,0.526077395445089
1,229,0.456528445579098
2,229,0.440647281540166
3,229,0.459835261535542
4,229,0.450711629556839
5,229,0.477467163720078
6,229,0.47028774391107
7,229,0.477026364616156
0,230,0.164603950051354
1,230,0.153409820223843
2,230,0.165528532069722
3,230,0.16413732668024
4,230,0.148039357026733
5,230,0.149122104875743
6,230,0.147719083244455
7,230,0.150870124712012
0,231,0.757434360172247
1,231,0.80843461672661
2,231,0.813466124597033
3,231,0.91879999334867
4,231,0.655340064362869
5,231,0.708960014558243
6,231,0.719009121386188
7,231,0.733160373599511
0,232,0.54298098991179
1,232,0.571282797994647
2,232,0.599651898584776
3,232,0.559828123094024
4,232,0.673993014587475
5,232,0.588009416700013
6,232,0.597797457968575
7,232,0.592688281945769
0,233,0.221851592751898
1,233,0.236947387530075
2,233,0.251673831291579
3,233,0.23956542049321
4,233,0.246577838101795
5,233,0.23780925684436
6,233,0.245723715514019
7,233,0.241908880610514
0,234,0.784403182181819
1,234,0.761204884603446
2,234,0.788565590206846
3,234,0.658477779418302
4,234,0.692094042136227
5,234,0.679773861666237
6,234,0.669163296516679
7,234,0.656074688625773
0,237,0.777129477525666
1,237,0.849055566773698
2,237,0.846363330606468
3,237,0.850079898816485
4,237,0.885342493373207
5,237,0.869636982195063
6,237,0.879307033141121
7,237,0.882079870480643
0,239,0.278771625617271
1,239,0.308418848634766
2,239,0.298942664805075
3,239,0.338567648509421
4,239,0.325989367452799
5,239,0.320577790123401
6,239,0.322398571877482
7,239,0.319955105517746
0,274,0.920565379581473
1,274,0.877608458406329
2,274,0.860525182561445
3,274,0.846793816463067
4,274,0.843461727292606
5,274,0.847567092919587
6,274,0.828426413245509
7,274,0.834619192696465
0,281,0.506776940043108
1,281,0.586415249514714
2,281,0.59044013772489
3,281,0.595158783483671
4,281,0.582219694256083
5,281,0.569555734315354
6,281,0.566531235988912
7,281,0.55343040484368
0,282,0.302051982432072
1,282,0.340826272817917
2,282,0.344629074130889
3,282,0.331870619787591
4,282,0.356285466467416
5,282,0.348493688087782
6,282,0.352368268665121
7,282,0.341319487272066
0,284,0.502544766404651
1,284,0.47164445975607
2,284,0.466125093069468
3,284,0.428195717479343
4,284,0.418221271046838
5,284,0.44212744592606
6,284,0.440072500004169
7,284,0.449106351066806
0,318,0.399032045562075
1,318,0.343652841928882
2,318,0.360728411210796
3,318,0.318429442523745
4,318,0.299493238982962
5,318,0.310807885250328
6,318,0.292927695441653
7,318,0.287797288739814
0,356,0.576277569528992
1,356,0.610565801517453
2,356,0.65688931700022
3,356,0.626818080422639
4,356,0.675991540482859
5,356,0.656970958786458
6,356,0.658594372725609
7,356,0.65231174903961
0,367,0.685452197581072
1,367,0.679517846188796
2,367,0.743746908521561
3,367,0.737324231742303
4,367,0.780181330489508
5,367,0.758663496120624
6,367,0.781662244245871
7,367,0.770467224436639
0,373,0.938006532106285
1,373,0.969712915403864
2,373,0.942182871023001
3,373,0.969146722820843
4,373,0.983593530743141
5,373,0.965931863834746
6,373,0.963714826282076
7,373,0.959317411092223
0,385,0.765548371324453
1,385,0.81712812043885
2,385,0.786904760963787
3,385,0.83706518437401
4,385,0.849847022666682
5,385,0.849915635162688
6,385,0.856907744330335
7,385,0.851763199818694
0,386,0.278957493894321
1,386,0.305943342083334
2,386,0.36036057144515
3,386,0.333201613067873
4,386,0.248605435182962
5,386,0.26384042698901
6,386,0.261338649536589
7,386,0.264016045316672
0,391,0.768022244302911
1,391,0.772743133565691
2,391,0.746126119167131
3,391,0.685930182118419
4,391,0.680466358351385
5,391,0.737124790451281
6,391,0.736625359599822
7,391,0.741947178714356
0,393,0.405079671691026
1,393,0.377469807381837
2,393,0.367635151409077
3,393,0.383310219418051
4,393,0.324167662828563
5,393,0.355937207586548
6,393,0.356461258296619
7,393,0.362834828071595
0,399,0.177812585150867
1,399,0.190562499324178
2,399,0.204114609457143
3,399,0.196740662109414
4,399,0.164257639078809
5,399,0.165728354423049
6,399,0.164469878877048
7,399,0.16583559784102
0,401,0.284264857732579
1,401,0.296510942986462
2,401,0.367905748224057
3,401,0.354424215511606
4,401,0.256804088074982
5,401,0.261616326566246
6,401,0.258763192221161
7,401,0.261995116961722
0,402,0.375542054067815
1,402,0.344070996796465
2,402,0.377505582585651
3,402,0.344499695310335
4,402,0.330155082018436
5,402,0.331914737341033
6,402,0.333245577545931
7,402,0.337562205202323
0,403,0.664801949661464
1,403,0.655171216608835
2,403,0.630046880870116
3,403,0.649660727213113
4,403,0.739504637759956
5,403,0.754440773470849
6,403,0.756263161292612
7,403,0.745323261406499
0,405,0.553862045209297
1,405,0.605465768661157
2,405,0.645086238733615
3,405,0.630322650505779
4,405,0.629508043323323
5,405,0.644495458497465
6,405,0.629061945789161
7,405,0.610814279059869
0,406,0.708072133030067
1,406,0.753816445687913
2,406,0.837527019093357
3,406,0.817991581609065
4,406,0.780982955263551
5,406,0.736622574764686
6,406,0.737624718652591
7,406,0.726551697161152
0,412,0.916503183672384
1,412,0.887473511197815
2,412,0.923022760535244
3,412,0.815126128031483
4,412,0.846282702122387
5,412,0.863587945063999
6,412,0.876801106261764
7,412,0.88919371722629
0,415,0.256891574479904
1,415,0.274616911108502
2,415,0.298572234051607
3,415,0.337789048268449
4,415,0.230755015716574
5,415,0.24075391393709
6,415,0.238967735958577
7,415,0.238911278964576
0,419,0.309733489753826
1,419,0.28469111871373
2,419,0.314142967550513
3,419,0.317242460299473
4,419,0.269882522849767
5,419,0.269295031741391
6,419,0.264283596580144
7,419,0.263585151765996
0,421,0.328637249258425
1,421,0.297475764380548
2,421,0.332655919564175
3,421,0.29395850982052
4,421,0.282135678863564
5,421,0.299045794130598
6,421,0.292984278561147
7,421,0.297640465166478
0,423,0.720801080040386
1,423,0.675330038038788
2,423,0.724923180114729
3,423,0.698355796698317
4,423,0.657560905884479
5,423,0.624545038562714
6,423,0.612220600549469
7,423,0.608360805352846
0,426,0.453555761414116
1,426,0.470620739789199
2,426,0.462670442893013
3,426,0.491572259422644
4,426,0.512935643806352
5,426,0.468779178018595
6,426,0.471136511785782
7,426,0.46845212987096
0,427,0.999086777279608
1,427,0.993337987686744
2,427,0.988890239945004
3,427,0.975842157664439
4,427,0.95175318388101
5,427,0.941082881288584
6,427,0.916793509029887
7,427,0.923841766249695
0,431,0.722710134900407
1,431,0.748713377722259
2,431,0.659325901192814
3,431,0.735819659434215
4,431,0.790588863479362
5,431,0.824300889153302
6,431,0.823266273234213
7,431,0.820502921014348
0,443,0.285396130743068
1,443,0.265240157570303
2,443,0.258608487625087
3,443,0.277872008896433
4,443,0.239713752229043
5,443,0.244505371514149
6,443,0.23974849947002
7,443,0.239222792883729
0,449,0.229834182585787
1,449,0.221918196128517
2,449,0.220674289410738
3,449,0.220651992315323
4,449,0.208872989699123
5,449,0.213789443844874
6,449,0.213157326351275
7,449,0.219076259558077
0,450,0.356758229106642
1,450,0.342390837225354
2,450,0.327143973418111
3,450,0.310711668592952
4,450,0.327111553177949
5,450,0.348289316269417
6,450,0.356299949006472
7,450,0.359358437050828
0,468,0.428220875181939
1,468,0.402195403571728
2,468,0.414984950994678
3,468,0.463731273932605
4,468,0.368421901694491
5,468,0.381732658479494
6,468,0.38065351774773
7,468,0.385983803684161
0,470,0.773045151764363
1,470,0.809039320499692
2,470,0.804913719743109
3,470,0.76558873536751
4,470,0.843236631039069
5,470,0.853192184448225
6,470,0.862997951960748
7,470,0.856597892335648
0,471,0.270740047048389
1,471,0.2976921245721
2,471,0.297709000749512
3,471,0.297516944782271
4,471,0.325050480862911
5,471,0.313711557546585
6,471,0.311794318293093
7,471,0.307037027806084
0,475,0.345497001911285
1,475,0.372597004456561
2,475,0.350765763628448
3,475,0.417945941321083
4,475,0.426540593614723
5,475,0.429885066488706
6,475,0.437101837683601
7,475,0.423344115677144
0,485,0.336960951248444
1,485,0.366394344549228
2,485,0.34367027518309
3,485,0.405685541505563
4,485,0.408362369781557
5,485,0.391049849640211
6,485,0.400934397920918
7,485,0.393883027408056
0,508,0.281452238275057
1,508,0.319051562807478
2,508,0.317267032104153
3,508,0.383597646923055
4,508,0.329893352093203
5,508,0.324152831315768
6,508,0.334358105843019
7,508,0.334445370212474
0,526,0.909746370607353
1,526,0.941522836033212
2,526,0.924824283188095
3,526,0.990496058523537
4,526,0.974749233266581
5,526,0.98486823450004
6,526,0.987483885393244
7,526,0.988947205372401
0,541,0.416499738493944
1,541,0.435359327972466
2,541,0.416241649801796
3,541,0.453194366602983
4,541,0.458588460562181
5,541,0.444429957647149
6,541,0.441120634111747
7,541,0.436318441629835
0,546,0.442538091687512
1,546,0.475394980130957
2,546,0.456975424397006
3,546,0.470063274572203
4,546,0.524987110586866
5,546,0.49618104491279
6,546,0.487566201704093
7,546,0.472665125189949
0,549,0.150724458380178
1,549,0.147976426424633
2,549,0.157329027379477
3,549,0.148643185505423
4,549,0.138717417683196
5,549,0.139346461377122
6,549,0.136601569150288
7,549,0.138072408080163
0,559,0.507670651691427
1,559,0.497816107729485
2,559,0.546594922271394
3,559,0.542926821784126
4,559,0.607579127340037
5,559,0.567911789294315
6,559,0.570641792065375
7,559,0.552038815807061
0,566,0.700100575062951
1,566,0.748110061445254
2,566,0.747671515664796
3,566,0.804908092314051
4,566,0.796825544775023
5,566,0.786812106492203
6,566,0.808322199575662
7,566,0.797963355246276
0,568,0.852249222872548
1,568,0.787020151214974
2,568,0.829323853000052
3,568,0.813692447651606
4,568,0.747163291700542
5,568,0.761227014052664
6,568,0.753557078462149
7,568,0.768973437834638
0,569,0.77233870722769
1,569,0.74549172746731
2,569,0.849242944678148
3,569,0.812138301876738
4,569,0.690662260373638
5,569,0.77705283001085
6,569,0.766891517995951
7,569,0.773573780134776
0,570,0.225995680564504
1,570,0.255273594005357
2,570,0.300390320871332
3,570,0.257727063097105
4,570,0.193193300653167
5,570,0.209784270209661
6,570,0.208715454756289
7,570,0.210402841463235
0,576,0.486266904797468
1,576,0.512354898295776
2,576,0.466577706896589
3,576,0.538250883453699
4,576,0.551885025454492
5,576,0.518434328637767
6,576,0.524152546376583
7,576,0.518917509499626
0,581,0.505131078458476
1,581,0.532007658922811
2,581,0.471030103239302
3,581,0.592306654402801
4,581,0.5620180308138
5,581,0.531635886961619
6,581,0.545841663467322
7,581,0.53580455737717
0,585,0.332124918101649
1,585,0.324966134351968
2,585,0.309259265699945
3,585,0.328884762028202
4,585,0.294524930292388
5,585,0.327328545638301
6,585,0.326880118333796
7,585,0.332430383090199
0,595,0.602937082880045
1,595,0.559406731724217
2,595,0.600355088899981
3,595,0.584799357250965
4,595,0.528720272532037
5,595,0.543846278992574
6,595,0.548567467814846
7,595,0.565585174066169
0,609,0.360043124485532
1,609,0.330806649975195
2,609,0.356428452049958
3,609,0.363877072376259
4,609,0.301373665757218
5,609,0.317041892561749
6,609,0.312331819722651
7,609,0.316315918034379
0,614,0.333335401460289
1,614,0.364458978070751
2,614,0.356501884548382
3,614,0.42053647724315
4,614,0.394778332685344
5,614,0.378375555815007
6,614,0.382456385671615
7,614,0.38158863918248
0,625,0.98205722332068
1,625,0.967723069569707
2,625,0.984853439907243
3,625,0.993411614010949
4,625,0.944975286537811
5,625,0.936864565743606
6,625,0.938242452658651
7,625,0.942251850723962
0,655,0.880515437183352
1,655,0.927704782431592
2,655,0.902771787566498
3,655,0.878710791792988
4,655,0.972747414994695
5,655,0.965770016589782
6,655,0.965741794193473
7,655,0.969656946087698
0,672,0.139453472977545
1,672,0.145144231954842
2,672,0.145933846711428
3,672,0.161346675593254
4,672,0.152642461624946
5,672,0.142732758297933
6,672,0.142234678511432
7,672,0.141073319605654
0,685,0.550865864078083
1,685,0.61824820200458
2,685,0.649992563779303
3,685,0.657875929204635
4,685,0.633553518831537
5,685,0.619508996492468
6,685,0.617929163784737
7,685,0.612614555470708
0,717,0.36683685904773
1,717,0.408281980810314
2,717,0.395314469198923
3,717,0.298522332075406
4,717,0.412530375787363
5,717,0.395318616486316
6,717,0.396055707588006
7,717,0.385372671010252
0,720,0.213978552479968
1,720,0.219494149804831
2,720,0.235847108694915
3,720,0.234696769634385
4,720,0.20076920116691
5,720,0.200469429736354
6,720,0.199045275254887
7,720,0.205178005662986
0,721,0.235570086570003
1,721,0.2586194490319
2,721,0.281458273744346
3,721,0.325668239632415
4,721,0.257884780714458
5,721,0.265062626840313
6,721,0.266134598707949
7,721,0.263884289374247
0,722,0.92853295294093
1,722,0.956962735188257
2,722,0.962070433549669
3,722,0.951795285467177
4,722,0.979038587109986
5,722,0.9570342006469
6,722,0.9587424427377
7,722,0.953036548101752
0,724,0.159346347227247
1,724,0.150851303777941
2,724,0.159998847196826
3,724,0.169998442265637
4,724,0.143063342938054
5,724,0.143490147511403
6,724,0.143051305289528
7,724,0.144103971454955
0,732,0.784226287928934
1,732,0.815184669796838
2,732,0.798967870564916
3,732,0.816291422264447
4,732,0.871284007448706
5,732,0.880518297072541
6,732,0.887353535109063
7,732,0.884384138401236
0,739,0.553544290294442
1,739,0.602377963188686
2,739,0.61929001869802
3,739,0.637643392522505
4,739,0.56592293764451
5,739,0.599516853714867
6,739,0.613053538102037
7,739,0.597908445604507
0,756,0.656917125150706
1,756,0.620365627103981
2,756,0.657696607419438
3,756,0.614740218127102
4,756,0.596779868003119
5,756,0.581323818204043
6,756,0.598486839703465
7,756,0.623492036938551
0,763,0.591030579298474
1,763,0.632182536054178
2,763,0.657096926944357
3,763,0.691570813349637
4,763,0.682868403902767
5,763,0.659485342765957
6,763,0.655826693266379
7,763,0.654478404780287
0,765,0.919330442772948
1,765,0.874090679903344
2,765,0.905134856311183
3,765,0.978650301393371
4,765,0.971467700306502
5,765,0.949743359333548
6,765,0.945867428911279
7,765,0.943856324823907
0,785,0.456983565524183
1,785,0.428396722430938
2,785,0.602475950068361
3,785,0.529027552781439
4,785,0.389717027531405
5,785,0.433640029633385
6,785,0.426820341863131
7,785,0.433558264611242
0,794,0.873048274968709
1,794,0.85859258933635
2,794,0.939726640734743
3,794,0.909534221606796
4,794,0.774384948084619
5,794,0.803247653916349
6,794,0.804942008645488
7,794,0.811017233860518
0,796,0.993756008937116
1,796,0.999072519198378
2,796,0.997036106210303
3,796,0.995295523411113
4,796,0.997143566329047
5,796,0.99909958253978
6,796,0.999840063070051
7,796,0.999523612117674
0,808,0.42788537401235
1,808,0.467682131247001
2,808,0.491238987829901
3,808,0.539768057168955
4,808,0.486470105866013
5,808,0.44287393933506
6,808,0.448707098204739
7,808,0.445614885725534
0,816,0.275831449847369
1,816,0.285665479737333
2,816,0.325250714531321
3,816,0.441043878390274
4,816,0.306163133461956
5,816,0.291680997543384
6,816,0.297466751067517
7,816,0.294663825022905
0,824,0.328070861846834
1,824,0.346416281798864
2,824,0.344743511629211
3,824,0.375214604575728
4,824,0.36251156909987
5,824,0.360506794093337
6,824,0.355263422854272
7,824,0.350598515794278
0,825,0.99414295032484
1,825,0.994467963959849
2,825,0.989179507927271
3,825,0.984278319315467
4,825,0.997595065532161
5,825,0.999959284052085
6,825,0.999999999598913
7,825,0.99946395800196
0,831,0.906926781831717
1,831,0.919186781289198
2,831,0.916038965588225
3,831,0.929093374853201
4,831,0.849336106169078
5,831,0.890345590854948
6,831,0.89921340849597
7,831,0.913732220721819
0,840,0.33718265458828
1,840,0.339676140259024
2,840,0.325381309522416
3,840,0.380962921434424
4,840,0.359778955431265
5,840,0.346586500701209
6,840,0.340574032832429
7,840,0.33555444290982
0,928,0.186236078555785
1,928,0.202671822733402
2,928,0.228389761860122
3,928,0.229006152223467
4,928,0.193061848606984
5,928,0.195556291347855
6,928,0.198269116388795
7,928,0.192803848197462
0,941,0.209490530034143
1,941,0.211650533161094
2,941,0.261568412037975
3,941,0.25845498467034
4,941,0.183306060986726
5,941,0.197862487884906
6,941,0.196805792311259
7,941,0.198902210032757
0,943,0.270629249457029
1,943,0.283093920644225
2,943,0.303313957039209
3,943,0.341750897469233
4,943,0.304616391534011
5,943,0.297398870726618
6,943,0.298721874026067
7,943,0.297241597327254
0,1011,0.438397213078496
1,1011,0.406138350383877
2,1011,0.42661785590398
3,1011,0.384376756006639
4,1011,0.36957666663135
5,1011,0.391783336880184
6,1011,0.383730378504182
7,1011,0.386223575037562
0,1028,0.566383191629813
1,1028,0.517602197837179
2,1028,0.489708898543268
3,1028,0.456464149879497
4,1028,0.496065365671051
5,1028,0.513657182074048
6,1028,0.521513661646211
7,1028,0.54177523375562
0,1044,0.991307444263966
1,1044,0.999635479615567
2,1044,0.999992234718139
3,1044,0.999409656928963
4,1044,0.937658623917763
5,1044,0.969993874132957
6,1044,0.970272544555108
7,1044,0.974073822675751
0,1047,0.72878010309007
1,1047,0.700051626101293
2,1047,0.745620400525972
3,1047,0.683485850351258
4,1047,0.696180093915944
5,1047,0.659575354350788
6,1047,0.659845428243545
7,1047,0.686905393469547
0,1067,0.361971010493172
1,1067,0.39306864489849
2,1067,0.376400697163753
3,1067,0.335471122284298
4,1067,0.317976287080751
5,1067,0.324078107971176
6,1067,0.321560487259293
7,1067,0.324099517281575
0,1074,0.420003803429549
1,1074,0.39438593501461
2,1074,0.389944943604646
3,1074,0.419790158565309
4,1074,0.495900291877678
5,1074,0.454006058450488
6,1074,0.451713749390191
7,1074,0.444801113668051
0,1188,0.806645749426433
1,1188,0.862229200538741
2,1188,0.850774546276947
3,1188,0.924384150424156
4,1188,0.836686701237563
5,1188,0.816070429021742
6,1188,0.814713385076918
7,1188,0.817202222353388
0,1228,0.68921397261101
1,1228,0.706788549863332
2,1228,0.753263177450578
3,1228,0.750536664808845
4,1228,0.764511802389701
5,1228,0.678677513119287
6,1228,0.691199541298005
7,1228,0.688010203078691
0,1330,0.999009101959127
1,1330,0.999583165170998
2,1330,0.999959530119034
3,1330,0.999858036637315
4,1330,0.972735481306195
5,1330,0.987197184659416
6,1330,0.983970792452545
7,1330,0.989514643452152
