1,149,2
1,152,5
1,153,3
1,156,4
1,158,3
1,162,4
1,165,5
1,166,5
1,167,2
1,168,5
1,169,5
1,172,5
1,173,5
1,176,5
1,178,5
1,179,3
1,181,5
1,182,4
1,187,4
1,191,5
2,300,4
2,302,5
2,304,4
2,305,3
2,306,4
2,309,1
2,310,4
2,311,5
3,344,4
3,346,5
3,347,5
3,352,2
3,353,1
3,355,3
4,359,5
4,360,5
4,362,5
5,427,3
5,430,5
5,431,3
5,432,4
5,434,5
5,437,1
5,438,1
5,440,1
5,442,1
5,443,4
5,446,4
5,447,3
5,448,2
5,449,2
5,450,1
5,451,1
5,452,1
5,455,4
5,456,1
6,502,4
6,503,3
6,504,3
6,505,4
6,507,4
6,510,4
6,512,4
6,514,5
6,516,4
6,519,5
6,520,4
6,522,5
6,527,4
6,529,4
6,530,4
6,531,4
6,533,4
6,535,2
6,536,4
6,537,4
6,538,2
6,539,2
7,603,4
7,605,4
7,606,3
7,607,3
7,609,3
7,610,5
7,611,3
7,612,5
7,613,4
7,615,4
7,616,4
7,617,5
7,620,4
7,625,3
7,628,3
7,629,3
7,631,4
7,632,5
7,634,5
7,635,3
7,638,4
7,639,5
7,640,3
7,641,5
7,646,5
7,649,5
7,651,5
7,652,3
7,655,5
7,656,3
7,660,5
7,663,5
7,664,3
7,665,4
7,666,4
7,668,4
7,670,5
7,671,5
7,672,1
7,677,3
7,678,3
7,679,5
7,682,2
8,435,5
8,510,4
8,518,4
8,566,3
8,684,4
8,688,1
9,483,5
9,615,4
9,690,1
10,604,4
10,606,5
10,610,4
10,617,5
10,629,4
10,654,5
10,663,3
10,664,4
10,686,4
10,692,4
10,693,4
10,694,5
10,697,3
10,699,4
10,700,4
10,701,4
10,707,5
10,708,4
10,709,4
