1,1,5
1,2,3
1,3,4
1,4,3
1,5,3
1,7,4
1,8,1
1,9,5
1,11,2
1,13,5
1,15,5
1,16,5
1,18,4
1,19,5
1,21,1
1,22,4
1,25,4
1,26,3
1,28,4
1,29,1
1,30,3
1,32,5
1,34,2
1,35,1
1,37,2
1,38,3
1,40,3
1,41,2
1,42,5
1,43,4
1,45,5
1,46,4
1,48,5
1,50,5
1,52,4
1,55,5
1,57,5
1,58,4
1,59,5
1,63,2
1,66,4
1,68,4
1,71,3
1,75,4
1,77,4
1,79,4
1,83,3
1,87,5
1,88,4
1,89,5
1,93,5
1,94,2
1,95,4
1,99,3
1,101,2
1,105,2
1,106,4
1,109,5
1,110,1
1,111,5
2,1,4
2,10,2
2,14,4
2,25,4
2,100,5
2,111,4
2,127,5
2,237,4
2,242,5
2,255,4
2,258,3
2,269,4
2,272,5
2,273,4
2,274,3
2,275,5
2,276,4
2,277,4
2,278,3
2,282,4
2,283,5
2,284,4
2,285,5
2,286,4
3,181,4
3,258,2
3,260,4
3,268,3
3,271,3
3,288,2
3,302,2
3,303,3
3,317,2
3,319,2
3,320,5
3,321,5
3,322,3
3,325,1
3,326,2
3,329,4
4,11,4
4,210,3
4,258,5
4,271,4
4,300,5
4,301,5
4,324,5
4,327,5
5,21,3
5,25,3
5,29,4
5,50,4
5,63,1
5,66,1
5,70,4
5,95,4
5,99,3
5,101,5
5,105,3
5,121,4
5,135,4
5,145,1
5,151,3
5,162,1
5,163,5
5,168,3
5,169,5
5,172,5
5,174,5
5,181,5
5,183,4
5,186,5
5,189,5
5,194,4
5,200,2
5,204,4
5,208,4
5,210,3
5,216,1
5,226,3
5,228,5
5,229,2
5,233,4
5,235,4
5,239,4
5,250,3
5,257,5
5,365,1
5,366,3
5,367,3
5,368,1
5,371,1
5,373,3
5,374,3
5,375,3
5,378,1
5,380,3
5,381,1
5,383,3
5,386,2
5,387,3
5,390,5
6,1,4
6,7,2
6,8,4
6,9,4
6,12,4
6,13,2
6,21,3
6,22,3
6,47,3
6,50,4
6,64,4
6,71,4
6,79,3
6,89,4
6,111,2
6,127,5
6,132,5
6,137,5
6,153,4
6,165,5
6,166,4
6,168,4
6,169,4
6,170,4
6,173,5
6,174,4
6,177,4
6,178,4
6,182,4
6,185,5
6,186,4
6,191,4
6,192,4
6,194,4
6,200,3
6,202,3
6,203,3
6,216,5
6,223,4
6,237,2
6,242,4
6,246,3
6,257,2
6,259,1
6,261,3
6,268,3
6,272,4
6,274,4
6,285,3
6,293,3
6,298,3
6,302,4
6,303,3
6,306,4
6,308,3
6,309,2
6,310,2
6,317,3
6,321,3
6,340,2
6,367,2
6,405,1
6,408,4
6,410,4
6,419,4
6,425,3
7,4,5
7,9,5
7,11,3
7,12,5
7,23,3
7,25,3
7,27,4
7,29,3
7,31,4
7,39,5
7,47,5
7,50,5
7,51,2
7,52,4
7,56,5
7,62,3
7,64,5
7,68,4
7,69,5
7,70,1
7,71,5
7,73,3
7,77,5
7,80,4
7,86,4
7,91,3
7,96,5
7,97,5
7,98,4
7,99,5
7,100,5
7,125,4
7,132,5
7,134,4
7,135,5
7,140,5
7,141,5
7,143,3
7,144,5
7,145,1
7,152,4
7,157,5
7,164,5
7,173,5
7,175,5
7,178,4
7,179,5
7,180,5
7,186,4
7,187,4
7,192,4
7,194,5
7,197,4
7,198,3
7,199,5
7,201,2
7,202,3
7,204,5
7,211,5
7,213,3
7,214,5
7,215,4
7,216,4
7,217,4
7,219,1
7,229,3
7,230,3
7,231,3
7,234,5
7,237,5
7,238,5
7,258,4
7,265,5
7,275,4
7,286,4
7,294,1
7,309,3
7,317,4
7,318,5
7,324,1
7,341,3
7,356,4
7,357,5
7,365,4
7,367,5
7,379,4
7,380,4
7,384,3
7,386,4
7,387,3
7,391,3
7,402,5
7,403,4
7,405,3
7,415,2
7,416,5
7,417,3
7,419,3
7,421,3
7,427,5
7,429,5
7,433,5
7,434,4
7,436,5
7,440,1
7,441,2
7,443,5
7,444,5
7,446,2
7,447,5
7,449,3
7,452,5
7,463,4
7,465,4
7,470,3
7,474,5
7,487,3
7,488,4
7,499,4
7,502,5
7,503,4
7,506,5
7,507,5
7,509,5
7,510,5
7,513,4
7,521,5
8,11,3
8,55,5
8,82,5
8,96,3
8,174,5
8,177,4
8,181,4
8,187,4
8,195,5
8,222,5
8,227,4
8,228,5
8,229,5
8,233,4
8,241,4
8,243,2
8,259,1
8,260,3
9,7,4
9,50,5
9,201,5
9,242,4
9,276,4
9,294,4
9,371,5
10,9,4
10,11,4
10,12,5
10,23,5
10,32,4
10,33,4
10,40,4
10,50,5
10,59,4
10,60,3
10,69,4
10,70,4
10,82,4
10,85,4
10,93,4
10,116,4
10,129,4
10,134,5
10,137,4
10,153,4
10,157,5
10,161,4
10,162,4
10,170,4
10,174,4
10,178,5
10,179,5
10,180,5
10,182,5
10,185,5
10,192,4
10,197,5
10,198,3
10,205,5
10,211,5
10,216,4
10,221,4
10,230,4
10,238,4
10,245,4
10,273,4
10,274,4
10,276,4
10,286,4
10,302,4
10,319,3
10,333,4
10,334,4
10,357,5
10,404,4
10,414,4
10,430,3
10,432,4
10,462,3
10,467,4
10,470,4
