1,115,5
1,116,3
1,119,5
1,122,3
1,123,4
1,124,5
1,126,2
1,127,5
1,131,1
1,133,4
1,135,4
1,136,3
1,137,5
1,138,1
1,139,3
1,141,3
1,142,2
1,144,4
1,146,4
1,147,3
1,149,2
1,152,5
1,153,3
1,156,4
1,158,3
1,162,4
1,165,5
1,166,5
1,167,2
1,168,5
1,169,5
1,172,5
1,173,5
1,176,5
1,178,5
1,179,3
1,181,5
1,182,4
1,187,4
1,191,5
2,287,3
2,288,3
2,289,3
2,291,3
2,293,4
2,294,1
2,295,4
2,296,3
2,300,4
2,302,5
2,304,4
2,305,3
2,306,4
2,309,1
2,310,4
2,311,5
3,333,2
3,336,1
3,338,2
3,339,3
3,340,5
3,342,4
3,344,4
3,346,5
3,347,5
3,352,2
3,353,1
3,355,3
4,328,3
4,329,5
4,358,2
4,359,5
4,360,5
4,362,5
5,392,2
5,395,2
5,396,5
5,398,2
5,399,3
5,401,5
5,404,2
5,405,3
5,406,1
5,408,5
5,409,2
5,412,3
5,414,3
5,415,1
5,416,1
5,419,3
5,420,3
5,425,2
5,427,3
5,430,5
5,431,3
5,432,4
5,434,5
5,437,1
5,438,1
5,440,1
5,442,1
5,443,4
5,446,4
5,447,3
5,448,2
5,449,2
5,450,1
5,451,1
5,452,1
5,455,4
5,456,1
6,427,4
6,435,4
6,460,2
6,461,4
6,462,5
6,464,2
6,465,1
6,468,3
6,472,1
6,473,2
6,474,5
6,482,4
6,485,5
6,489,5
6,490,5
6,491,4
6,493,5
6,494,4
6,495,4
6,496,4
6,497,4
6,501,5
6,502,4
6,503,3
6,504,3
6,505,4
6,507,4
6,510,4
6,512,4
6,514,5
6,516,4
6,519,5
6,520,4
6,522,5
6,527,4
6,529,4
6,530,4
6,531,4
6,533,4
6,535,2
6,536,4
6,537,4
6,538,2
6,539,2
7,523,4
7,527,5
7,529,2
7,540,3
7,544,3
7,545,2
7,546,4
7,547,3
7,549,4
7,551,1
7,552,4
7,556,3
7,557,4
7,558,4
7,561,4
7,565,4
7,566,4
7,568,5
7,569,4
7,571,3
7,572,3
7,573,5
7,574,5
7,575,3
7,577,2
7,578,3
7,583,2
7,584,4
7,585,4
7,586,3
7,588,4
7,590,2
7,591,3
7,592,5
7,593,5
7,594,3
7,595,2
7,596,5
7,597,3
7,598,3
7,600,4
7,601,5
7,602,3
7,603,4
7,605,4
7,606,3
7,607,3
7,609,3
7,610,5
7,611,3
7,612,5
7,613,4
7,615,4
7,616,4
7,617,5
7,620,4
7,625,3
7,628,3
7,629,3
7,631,4
7,632,5
7,634,5
7,635,3
7,638,4
7,639,5
7,640,3
7,641,5
7,646,5
7,649,5
7,651,5
7,652,3
7,655,5
7,656,3
7,660,5
7,663,5
7,664,3
7,665,4
7,666,4
7,668,4
7,670,5
7,671,5
7,672,1
7,677,3
7,678,3
7,679,5
7,682,2
8,273,3
8,336,3
8,341,2
8,358,2
8,403,4
8,431,2
8,435,5
8,510,4
8,518,4
8,566,3
8,684,4
8,688,1
9,385,5
9,402,4
9,483,5
9,615,4
9,690,1
10,478,5
10,479,5
10,480,5
10,482,4
10,484,5
10,499,4
10,502,4
10,510,5
10,511,4
10,513,4
10,518,4
10,525,5
10,527,4
10,529,3
10,530,4
10,531,5
10,582,4
10,589,5
10,602,5
10,604,4
10,606,5
10,610,4
10,617,5
10,629,4
10,654,5
10,663,3
10,664,4
10,686,4
10,692,4
10,693,4
10,694,5
10,697,3
10,699,4
10,700,4
10,701,4
10,707,5
10,708,4
10,709,4
